Namespace(batch_size=4, dump_dir='dump', gpu=0, model='pointnet_cls', model_path='log/model.ckpt', num_point=1024, visu=False)
Model restored.
----0----
----1----
eval mean loss: 0.522611
eval accuracy: 0.884522
eval avg class acc: 0.851773
  airplane:	1.000
   bathtub:	0.820
       bed:	0.970
     bench:	0.650
 bookshelf:	0.940
    bottle:	0.950
      bowl:	0.900
       car:	0.990
     chair:	0.970
      cone:	0.950
       cup:	0.650
   curtain:	0.900
      desk:	0.837
      door:	0.800
   dresser:	0.651
flower_pot:	0.250
 glass_box:	0.950
    guitar:	1.000
  keyboard:	1.000
      lamp:	0.900
    laptop:	1.000
    mantel:	0.950
   monitor:	0.960
night_stand:	0.733
    person:	0.950
     piano:	0.890
     plant:	0.750
     radio:	0.700
range_hood:	0.920
      sink:	0.700
      sofa:	0.970
    stairs:	0.900
     stool:	0.800
     table:	0.810
      tent:	0.950
    toilet:	0.980
  tv_stand:	0.820
      vase:	0.810
  wardrobe:	0.650
      xbox:	0.750
